0.001000 0.000000 0.000000 0.000000
0.001000 0.025000 0.000000 0.000000
0.001000 0.050000 0.000000 0.000000
0.001000 0.075000 0.000000 0.000000
0.001000 0.100000 0.000000 0.000000
0.001000 0.125000 0.000000 0.000000
0.001000 0.150000 0.000000 0.000000
0.001000 0.175000 0.000000 0.000000
0.001000 0.200000 0.000000 0.000000
0.001000 0.225000 0.000000 0.000000
0.001000 0.250000 0.000000 0.000000
0.001000 0.275000 0.000000 0.000000
0.001000 0.300000 0.000000 0.000000
0.001000 0.325000 0.000000 0.000000
0.001000 0.350000 0.000000 0.000001
0.001000 0.375000 0.000000 0.000001
0.001000 0.400000 0.000000 0.000003
0.001000 0.425000 0.000000 0.000007
0.001000 0.450000 0.000000 0.000013
0.001000 0.475000 0.000000 0.000017
0.001000 0.500000 0.000000 0.000019
0.001000 0.525000 0.000000 0.000017
0.001000 0.550000 0.000000 0.000013
0.001000 0.575000 0.000000 0.000007
0.001000 0.600000 0.000000 0.000003
0.001000 0.625000 0.000000 0.000001
0.001000 0.650000 0.000000 0.000001
0.001000 0.675000 0.000000 0.000000
0.001000 0.700000 0.000000 0.000000
0.001000 0.725000 0.000000 0.000000
0.001000 0.750000 0.000000 0.000000
0.001000 0.775000 0.000000 0.000000
0.001000 0.800000 0.000000 0.000000
0.001000 0.825000 0.000000 0.000000
0.001000 0.850000 0.000000 0.000000
0.001000 0.875000 0.000000 0.000000
0.001000 0.900000 0.000000 0.000000
0.001000 0.925000 0.000000 0.000000
0.001000 0.950000 0.000000 0.000000
0.001000 0.975000 0.000000 0.000000
0.001000 1.000000 0.000000 0.000000

0.001000 0.000000 0.025000 0.000000
0.001000 0.025000 0.025000 0.000000
0.001000 0.050000 0.025000 0.000000
0.001000 0.075000 0.025000 0.000000
0.001000 0.100000 0.025000 0.000000
0.001000 0.125000 0.025000 0.000000
0.001000 0.150000 0.025000 0.000000
0.001000 0.175000 0.025000 0.000000
0.001000 0.200000 0.025000 0.000000
0.001000 0.225000 0.025000 0.000000
0.001000 0.250000 0.025000 0.000000
0.001000 0.275000 0.025000 0.000000
0.001000 0.300000 0.025000 0.000001
0.001000 0.325000 0.025000 0.000003
0.001000 0.350000 0.025000 0.000008
0.001000 0.375000 0.025000 0.000017
0.001000 0.400000 0.025000 0.000035
0.001000 0.425000 0.025000 0.000068
0.001000 0.450000 0.025000 0.000108
0.001000 0.475000 0.025000 0.000139
0.001000 0.500000 0.025000 0.000149
0.001000 0.525000 0.025000 0.000139
0.001000 0.550000 0.025000 0.000108
0.001000 0.575000 0.025000 0.000068
0.001000 0.600000 0.025000 0.000035
0.001000 0.625000 0.025000 0.000017
0.001000 0.650000 0.025000 0.000008
0.001000 0.675000 0.025000 0.000003
0.001000 0.700000 0.025000 0.000001
0.001000 0.725000 0.025000 0.000000
0.001000 0.750000 0.025000 0.000000
0.001000 0.775000 0.025000 0.000000
0.001000 0.800000 0.025000 0.000000
0.001000 0.825000 0.025000 0.000000
0.001000 0.850000 0.025000 0.000000
0.001000 0.875000 0.025000 0.000000
0.001000 0.900000 0.025000 0.000000
0.001000 0.925000 0.025000 0.000000
0.001000 0.950000 0.025000 0.000000
0.001000 0.975000 0.025000 0.000000
0.001000 1.000000 0.025000 0.000000

0.001000 0.000000 0.050000 0.000000
0.001000 0.025000 0.050000 0.000000
0.001000 0.050000 0.050000 0.000000
0.001000 0.075000 0.050000 0.000000
0.001000 0.100000 0.050000 0.000000
0.001000 0.125000 0.050000 0.000000
0.001000 0.150000 0.050000 0.000000
0.001000 0.175000 0.050000 0.000000
0.001000 0.200000 0.050000 0.000000
0.001000 0.225000 0.050000 0.000000
0.001000 0.250000 0.050000 0.000000
0.001000 0.275000 0.050000 0.000003
0.001000 0.300000 0.050000 0.000011
0.001000 0.325000 0.050000 0.000031
0.001000 0.350000 0.050000 0.000072
0.001000 0.375000 0.050000 0.000141
0.001000 0.400000 0.050000 0.000256
0.001000 0.425000 0.050000 0.000432
0.001000 0.450000 0.050000 0.000638
0.001000 0.475000 0.050000 0.000796
0.001000 0.500000 0.050000 0.000852
0.001000 0.525000 0.050000 0.000796
0.001000 0.550000 0.050000 0.000638
0.001000 0.575000 0.050000 0.000432
0.001000 0.600000 0.050000 0.000256
0.001000 0.625000 0.050000 0.000141
0.001000 0.650000 0.050000 0.000072
0.001000 0.675000 0.050000 0.000031
0.001000 0.700000 0.050000 0.000011
0.001000 0.725000 0.050000 0.000003
0.001000 0.750000 0.050000 0.000000
0.001000 0.775000 0.050000 0.000000
0.001000 0.800000 0.050000 0.000000
0.001000 0.825000 0.050000 0.000000
0.001000 0.850000 0.050000 0.000000
0.001000 0.875000 0.050000 0.000000
0.001000 0.900000 0.050000 0.000000
0.001000 0.925000 0.050000 0.000000
0.001000 0.950000 0.050000 0.000000
0.001000 0.975000 0.050000 0.000000
0.001000 1.000000 0.050000 0.000000

0.001000 0.000000 0.075000 0.000000
0.001000 0.025000 0.075000 0.000000
0.001000 0.050000 0.075000 0.000000
0.001000 0.075000 0.075000 0.000000
0.001000 0.100000 0.075000 0.000000
0.001000 0.125000 0.075000 0.000000
0.001000 0.150000 0.075000 0.000000
0.001000 0.175000 0.075000 0.000000
0.001000 0.200000 0.075000 0.000000
0.001000 0.225000 0.075000 0.000001
0.001000 0.250000 0.075000 0.000007
0.001000 0.275000 0.075000 0.000030
0.001000 0.300000 0.075000 0.000095
0.001000 0.325000 0.075000 0.000229
0.001000 0.350000 0.075000 0.000457
0.001000 0.375000 0.075000 0.000809
0.001000 0.400000 0.075000 0.001327
0.001000 0.425000 0.075000 0.002037
0.001000 0.450000 0.075000 0.002818
0.001000 0.475000 0.075000 0.003415
0.001000 0.500000 0.075000 0.003633
0.001000 0.525000 0.075000 0.003415
0.001000 0.550000 0.075000 0.002818
0.001000 0.575000 0.075000 0.002037
0.001000 0.600000 0.075000 0.001327
0.001000 0.625000 0.075000 0.000809
0.001000 0.650000 0.075000 0.000457
0.001000 0.675000 0.075000 0.000229
0.001000 0.700000 0.075000 0.000095
0.001000 0.725000 0.075000 0.000030
0.001000 0.750000 0.075000 0.000007
0.001000 0.775000 0.075000 0.000001
0.001000 0.800000 0.075000 0.000000
0.001000 0.825000 0.075000 0.000000
0.001000 0.850000 0.075000 0.000000
0.001000 0.875000 0.075000 0.000000
0.001000 0.900000 0.075000 0.000000
0.001000 0.925000 0.075000 0.000000
0.001000 0.950000 0.075000 0.000000
0.001000 0.975000 0.075000 0.000000
0.001000 1.000000 0.075000 0.000000

0.001000 0.000000 0.100000 0.000000
0.001000 0.025000 0.100000 0.000000
0.001000 0.050000 0.100000 0.000000
0.001000 0.075000 0.100000 0.000000
0.001000 0.100000 0.100000 0.000000
0.001000 0.125000 0.100000 0.000000
0.001000 0.150000 0.100000 0.000000
0.001000 0.175000 0.100000 0.000000
0.001000 0.200000 0.100000 0.000001
0.001000 0.225000 0.100000 0.000012
0.001000 0.250000 0.100000 0.000063
0.001000 0.275000 0.100000 0.000218
0.001000 0.300000 0.100000 0.000563
0.001000 0.325000 0.100000 0.001178
0.001000 0.350000 0.100000 0.002115
0.001000 0.375000 0.100000 0.003413
0.001000 0.400000 0.100000 0.005133
0.001000 0.425000 0.100000 0.007274
0.001000 0.450000 0.100000 0.009507
0.001000 0.475000 0.100000 0.011194
0.001000 0.500000 0.100000 0.011814
0.001000 0.525000 0.100000 0.011194
0.001000 0.550000 0.100000 0.009507
0.001000 0.575000 0.100000 0.007274
0.001000 0.600000 0.100000 0.005133
0.001000 0.625000 0.100000 0.003413
0.001000 0.650000 0.100000 0.002115
0.001000 0.675000 0.100000 0.001178
0.001000 0.700000 0.100000 0.000563
0.001000 0.725000 0.100000 0.000218
0.001000 0.750000 0.100000 0.000063
0.001000 0.775000 0.100000 0.000012
0.001000 0.800000 0.100000 0.000001
0.001000 0.825000 0.100000 0.000000
0.001000 0.850000 0.100000 0.000000
0.001000 0.875000 0.100000 0.000000
0.001000 0.900000 0.100000 0.000000
0.001000 0.925000 0.100000 0.000000
0.001000 0.950000 0.100000 0.000000
0.001000 0.975000 0.100000 0.000000
0.001000 1.000000 0.100000 0.000000

0.001000 0.000000 0.125000 0.000000
0.001000 0.025000 0.125000 0.000000
0.001000 0.050000 0.125000 0.000000
0.001000 0.075000 0.125000 0.000000
0.001000 0.100000 0.125000 0.000000
0.001000 0.125000 0.125000 0.000000
0.001000 0.150000 0.125000 0.000000
0.001000 0.175000 0.125000 0.000002
0.001000 0.200000 0.125000 0.000017
0.001000 0.225000 0.125000 0.000101
0.001000 0.250000 0.125000 0.000383
0.001000 0.275000 0.125000 0.001079
0.001000 0.300000 0.125000 0.002406
0.001000 0.325000 0.125000 0.004492
0.001000 0.350000 0.125000 0.007345
0.001000 0.375000 0.125000 0.010915
0.001000 0.400000 0.125000 0.015193
0.001000 0.425000 0.125000 0.020076
0.001000 0.450000 0.125000 0.024908
0.001000 0.475000 0.125000 0.028490
0.001000 0.500000 0.125000 0.029803
0.001000 0.525000 0.125000 0.028490
0.001000 0.550000 0.125000 0.024908
0.001000 0.575000 0.125000 0.020076
0.001000 0.600000 0.125000 0.015193
0.001000 0.625000 0.125000 0.010915
0.001000 0.650000 0.125000 0.007345
0.001000 0.675000 0.125000 0.004492
0.001000 0.700000 0.125000 0.002406
0.001000 0.725000 0.125000 0.001079
0.001000 0.750000 0.125000 0.000383
0.001000 0.775000 0.125000 0.000101
0.001000 0.800000 0.125000 0.000017
0.001000 0.825000 0.125000 0.000002
0.001000 0.850000 0.125000 0.000000
0.001000 0.875000 0.125000 0.000000
0.001000 0.900000 0.125000 0.000000
0.001000 0.925000 0.125000 0.000000
0.001000 0.950000 0.125000 0.000000
0.001000 0.975000 0.125000 0.000000
0.001000 1.000000 0.125000 0.000000

0.001000 0.000000 0.150000 0.000000
0.001000 0.025000 0.150000 0.000000
0.001000 0.050000 0.150000 0.000000
0.001000 0.075000 0.150000 0.000000
0.001000 0.100000 0.150000 0.000000
0.001000 0.125000 0.150000 0.000000
0.001000 0.150000 0.150000 0.000002
0.001000 0.175000 0.150000 0.000021
0.001000 0.200000 0.150000 0.000129
0.001000 0.225000 0.150000 0.000533
0.001000 0.250000 0.150000 0.001628
0.001000 0.275000 0.150000 0.003913
0.001000 0.300000 0.150000 0.007734
0.001000 0.325000 0.150000 0.013090
0.001000 0.350000 0.150000 0.019677
0.001000 0.375000 0.150000 0.027114
0.001000 0.400000 0.150000 0.035164
0.001000 0.425000 0.150000 0.043586
0.001000 0.450000 0.150000 0.051478
0.001000 0.475000 0.150000 0.057191
0.001000 0.500000 0.150000 0.059272
0.001000 0.525000 0.150000 0.057191
0.001000 0.550000 0.150000 0.051478
0.001000 0.575000 0.150000 0.043586
0.001000 0.600000 0.150000 0.035164
0.001000 0.625000 0.150000 0.027114
0.001000 0.650000 0.150000 0.019677
0.001000 0.675000 0.150000 0.013090
0.001000 0.700000 0.150000 0.007734
0.001000 0.725000 0.150000 0.003913
0.001000 0.750000 0.150000 0.001628
0.001000 0.775000 0.150000 0.000533
0.001000 0.800000 0.150000 0.000129
0.001000 0.825000 0.150000 0.000021
0.001000 0.850000 0.150000 0.000002
0.001000 0.875000 0.150000 0.000000
0.001000 0.900000 0.150000 0.000000
0.001000 0.925000 0.150000 0.000000
0.001000 0.950000 0.150000 0.000000
0.001000 0.975000 0.150000 0.000000
0.001000 1.000000 0.150000 0.000000

0.001000 0.000000 0.175000 0.000000
0.001000 0.025000 0.175000 0.000000
0.001000 0.050000 0.175000 0.000000
0.001000 0.075000 0.175000 0.000000
0.001000 0.100000 0.175000 0.000000
0.001000 0.125000 0.175000 0.000002
0.001000 0.150000 0.175000 0.000021
0.001000 0.175000 0.175000 0.000139
0.001000 0.200000 0.175000 0.000615
0.001000 0.225000 0.175000 0.002012
0.001000 0.250000 0.175000 0.005173
0.001000 0.275000 0.175000 0.010886
0.001000 0.300000 0.175000 0.019349
0.001000 0.325000 0.175000 0.029959
0.001000 0.350000 0.175000 0.041661
0.001000 0.375000 0.175000 0.053491
0.001000 0.400000 0.175000 0.064958
0.001000 0.425000 0.175000 0.075873
0.001000 0.450000 0.175000 0.085506
0.001000 0.475000 0.175000 0.092291
0.001000 0.500000 0.175000 0.094738
0.001000 0.525000 0.175000 0.092291
0.001000 0.550000 0.175000 0.085506
0.001000 0.575000 0.175000 0.075873
0.001000 0.600000 0.175000 0.064958
0.001000 0.625000 0.175000 0.053491
0.001000 0.650000 0.175000 0.041661
0.001000 0.675000 0.175000 0.029959
0.001000 0.700000 0.175000 0.019349
0.001000 0.725000 0.175000 0.010886
0.001000 0.750000 0.175000 0.005173
0.001000 0.775000 0.175000 0.002012
0.001000 0.800000 0.175000 0.000615
0.001000 0.825000 0.175000 0.000139
0.001000 0.850000 0.175000 0.000021
0.001000 0.875000 0.175000 0.000002
0.001000 0.900000 0.175000 0.000000
0.001000 0.925000 0.175000 0.000000
0.001000 0.950000 0.175000 0.000000
0.001000 0.975000 0.175000 0.000000
0.001000 1.000000 0.175000 0.000000

0.001000 0.000000 0.200000 0.000000
0.001000 0.025000 0.200000 0.000000
0.001000 0.050000 0.200000 0.000000
0.001000 0.075000 0.200000 0.000000
0.001000 0.100000 0.200000 0.000001
0.001000 0.125000 0.200000 0.000017
0.001000 0.150000 0.200000 0.000129
0.001000 0.175000 0.200000 0.000615
0.001000 0.200000 0.200000 0.002140
0.001000 0.225000 0.200000 0.005814
0.001000 0.250000 0.200000 0.012903
0.001000 0.275000 0.200000 0.024108
0.001000 0.300000 0.200000 0.038845
0.001000 0.325000 0.200000 0.055314
0.001000 0.350000 0.200000 0.071431
0.001000 0.375000 0.200000 0.085767
0.001000 0.400000 0.200000 0.097920
0.001000 0.425000 0.200000 0.108218
0.001000 0.450000 0.200000 0.116694
0.001000 0.475000 0.200000 0.122500
0.001000 0.500000 0.200000 0.124579
0.001000 0.525000 0.200000 0.122500
0.001000 0.550000 0.200000 0.116694
0.001000 0.575000 0.200000 0.108218
0.001000 0.600000 0.200000 0.097920
0.001000 0.625000 0.200000 0.085767
0.001000 0.650000 0.200000 0.071431
0.001000 0.675000 0.200000 0.055314
0.001000 0.700000 0.200000 0.038845
0.001000 0.725000 0.200000 0.024108
0.001000 0.750000 0.200000 0.012903
0.001000 0.775000 0.200000 0.005814
0.001000 0.800000 0.200000 0.002140
0.001000 0.825000 0.200000 0.000615
0.001000 0.850000 0.200000 0.000129
0.001000 0.875000 0.200000 0.000017
0.001000 0.900000 0.200000 0.000001
0.001000 0.925000 0.200000 0.000000
0.001000 0.950000 0.200000 0.000000
0.001000 0.975000 0.200000 0.000000
0.001000 1.000000 0.200000 0.000000

0.001000 0.000000 0.225000 0.000000
0.001000 0.025000 0.225000 0.000000
0.001000 0.050000 0.225000 0.000000
0.001000 0.075000 0.225000 0.000001
0.001000 0.100000 0.225000 0.000012
0.001000 0.125000 0.225000 0.000101
0.001000 0.150000 0.225000 0.000533
0.001000 0.175000 0.225000 0.002012
0.001000 0.200000 0.225000 0.005814
0.001000 0.225000 0.225000 0.013532
0.001000 0.250000 0.225000 0.026339
0.001000 0.275000 0.225000 0.044037
0.001000 0.300000 0.225000 0.064570
0.001000 0.325000 0.225000 0.084733
0.001000 0.350000 0.225000 0.101768
0.001000 0.375000 0.225000 0.114453
0.001000 0.400000 0.225000 0.123144
0.001000 0.425000 0.225000 0.129163
0.001000 0.450000 0.225000 0.133640
0.001000 0.475000 0.225000 0.136682
0.001000 0.500000 0.225000 0.137787
0.001000 0.525000 0.225000 0.136682
0.001000 0.550000 0.225000 0.133640
0.001000 0.575000 0.225000 0.129163
0.001000 0.600000 0.225000 0.123144
0.001000 0.625000 0.225000 0.114453
0.001000 0.650000 0.225000 0.101768
0.001000 0.675000 0.225000 0.084733
0.001000 0.700000 0.225000 0.064570
0.001000 0.725000 0.225000 0.044037
0.001000 0.750000 0.225000 0.026339
0.001000 0.775000 0.225000 0.013532
0.001000 0.800000 0.225000 0.005814
0.001000 0.825000 0.225000 0.002012
0.001000 0.850000 0.225000 0.000533
0.001000 0.875000 0.225000 0.000101
0.001000 0.900000 0.225000 0.000012
0.001000 0.925000 0.225000 0.000001
0.001000 0.950000 0.225000 0.000000
0.001000 0.975000 0.225000 0.000000
0.001000 1.000000 0.225000 0.000000

0.001000 0.000000 0.250000 0.000000
0.001000 0.025000 0.250000 0.000000
0.001000 0.050000 0.250000 0.000000
0.001000 0.075000 0.250000 0.000007
0.001000 0.100000 0.250000 0.000063
0.001000 0.125000 0.250000 0.000383
0.001000 0.150000 0.250000 0.001628
0.001000 0.175000 0.250000 0.005173
0.001000 0.200000 0.250000 0.012903
0.001000 0.225000 0.250000 0.026339
0.001000 0.250000 0.250000 0.045552
0.001000 0.275000 0.250000 0.068555
0.001000 0.300000 0.250000 0.091611
0.001000 0.325000 0.250000 0.110721
0.001000 0.350000 0.250000 0.123482
0.001000 0.375000 0.250000 0.129831
0.001000 0.400000 0.250000 0.131450
0.001000 0.425000 0.250000 0.130785
0.001000 0.450000 0.250000 0.129883
0.001000 0.475000 0.250000 0.129513
0.001000 0.500000 0.250000 0.129463
0.001000 0.525000 0.250000 0.129513
0.001000 0.550000 0.250000 0.129883
0.001000 0.575000 0.250000 0.130785
0.001000 0.600000 0.250000 0.131450
0.001000 0.625000 0.250000 0.129831
0.001000 0.650000 0.250000 0.123482
0.001000 0.675000 0.250000 0.110721
0.001000 0.700000 0.250000 0.091611
0.001000 0.725000 0.250000 0.068555
0.001000 0.750000 0.250000 0.045552
0.001000 0.775000 0.250000 0.026339
0.001000 0.800000 0.250000 0.012903
0.001000 0.825000 0.250000 0.005173
0.001000 0.850000 0.250000 0.001628
0.001000 0.875000 0.250000 0.000383
0.001000 0.900000 0.250000 0.000063
0.001000 0.925000 0.250000 0.000007
0.001000 0.950000 0.250000 0.000000
0.001000 0.975000 0.250000 0.000000
0.001000 1.000000 0.250000 0.000000

0.001000 0.000000 0.275000 0.000000
0.001000 0.025000 0.275000 0.000000
0.001000 0.050000 0.275000 0.000003
0.001000 0.075000 0.275000 0.000030
0.001000 0.100000 0.275000 0.000218
0.001000 0.125000 0.275000 0.001079
0.001000 0.150000 0.275000 0.003913
0.001000 0.175000 0.275000 0.010886
0.001000 0.200000 0.275000 0.024108
0.001000 0.225000 0.275000 0.044037
0.001000 0.250000 0.275000 0.068555
0.001000 0.275000 0.275000 0.093454
0.001000 0.300000 0.275000 0.113917
0.001000 0.325000 0.275000 0.126425
0.001000 0.350000 0.275000 0.130193
0.001000 0.375000 0.275000 0.127045
0.001000 0.400000 0.275000 0.120085
0.001000 0.425000 0.275000 0.112503
0.001000 0.450000 0.275000 0.106654
0.001000 0.475000 0.275000 0.103382
0.001000 0.500000 0.275000 0.102390
0.001000 0.525000 0.275000 0.103382
0.001000 0.550000 0.275000 0.106654
0.001000 0.575000 0.275000 0.112503
0.001000 0.600000 0.275000 0.120085
0.001000 0.625000 0.275000 0.127045
0.001000 0.650000 0.275000 0.130193
0.001000 0.675000 0.275000 0.126425
0.001000 0.700000 0.275000 0.113917
0.001000 0.725000 0.275000 0.093454
0.001000 0.750000 0.275000 0.068555
0.001000 0.775000 0.275000 0.044037
0.001000 0.800000 0.275000 0.024108
0.001000 0.825000 0.275000 0.010886
0.001000 0.850000 0.275000 0.003913
0.001000 0.875000 0.275000 0.001079
0.001000 0.900000 0.275000 0.000218
0.001000 0.925000 0.275000 0.000030
0.001000 0.950000 0.275000 0.000003
0.001000 0.975000 0.275000 0.000000
0.001000 1.000000 0.275000 0.000000

0.001000 0.000000 0.300000 0.000000
0.001000 0.025000 0.300000 0.000001
0.001000 0.050000 0.300000 0.000011
0.001000 0.075000 0.300000 0.000095
0.001000 0.100000 0.300000 0.000563
0.001000 0.125000 0.300000 0.002406
0.001000 0.150000 0.300000 0.007734
0.001000 0.175000 0.300000 0.019349
0.001000 0.200000 0.300000 0.038845
0.001000 0.225000 0.300000 0.064570
0.001000 0.250000 0.300000 0.091611
0.001000 0.275000 0.300000 0.113917
0.001000 0.300000 0.300000 0.126780
0.001000 0.325000 0.300000 0.128554
0.001000 0.350000 0.300000 0.121027
0.001000 0.375000 0.300000 0.108116
0.001000 0.400000 0.300000 0.093901
0.001000 0.425000 0.300000 0.081512
0.001000 0.450000 0.300000 0.072772
0.001000 0.475000 0.300000 0.068000
0.001000 0.500000 0.300000 0.066550
0.001000 0.525000 0.300000 0.068000
0.001000 0.550000 0.300000 0.072772
0.001000 0.575000 0.300000 0.081512
0.001000 0.600000 0.300000 0.093901
0.001000 0.625000 0.300000 0.108116
0.001000 0.650000 0.300000 0.121027
0.001000 0.675000 0.300000 0.128554
0.001000 0.700000 0.300000 0.126780
0.001000 0.725000 0.300000 0.113917
0.001000 0.750000 0.300000 0.091611
0.001000 0.775000 0.300000 0.064570
0.001000 0.800000 0.300000 0.038845
0.001000 0.825000 0.300000 0.019349
0.001000 0.850000 0.300000 0.007734
0.001000 0.875000 0.300000 0.002406
0.001000 0.900000 0.300000 0.000563
0.001000 0.925000 0.300000 0.000095
0.001000 0.950000 0.300000 0.000011
0.001000 0.975000 0.300000 0.000001
0.001000 1.000000 0.300000 0.000000

0.001000 0.000000 0.325000 0.000000
0.001000 0.025000 0.325000 0.000003
0.001000 0.050000 0.325000 0.000031
0.001000 0.075000 0.325000 0.000229
0.001000 0.100000 0.325000 0.001178
0.001000 0.125000 0.325000 0.004492
0.001000 0.150000 0.325000 0.013090
0.001000 0.175000 0.325000 0.029959
0.001000 0.200000 0.325000 0.055314
0.001000 0.225000 0.325000 0.084733
0.001000 0.250000 0.325000 0.110721
0.001000 0.275000 0.325000 0.126425
0.001000 0.300000 0.325000 0.128554
0.001000 0.325000 0.325000 0.118331
0.001000 0.350000 0.325000 0.100452
0.001000 0.375000 0.325000 0.080534
0.001000 0.400000 0.325000 0.062755
0.001000 0.425000 0.325000 0.049220
0.001000 0.450000 0.325000 0.040468
0.001000 0.475000 0.325000 0.035933
0.001000 0.500000 0.325000 0.034591
0.001000 0.525000 0.325000 0.035933
0.001000 0.550000 0.325000 0.040468
0.001000 0.575000 0.325000 0.049220
0.001000 0.600000 0.325000 0.062755
0.001000 0.625000 0.325000 0.080534
0.001000 0.650000 0.325000 0.100452
0.001000 0.675000 0.325000 0.118331
0.001000 0.700000 0.325000 0.128554
0.001000 0.725000 0.325000 0.126425
0.001000 0.750000 0.325000 0.110721
0.001000 0.775000 0.325000 0.084733
0.001000 0.800000 0.325000 0.055314
0.001000 0.825000 0.325000 0.029959
0.001000 0.850000 0.325000 0.013090
0.001000 0.875000 0.325000 0.004492
0.001000 0.900000 0.325000 0.001178
0.001000 0.925000 0.325000 0.000229
0.001000 0.950000 0.325000 0.000031
0.001000 0.975000 0.325000 0.000003
0.001000 1.000000 0.325000 0.000000

0.001000 0.000000 0.350000 0.000001
0.001000 0.025000 0.350000 0.000008
0.001000 0.050000 0.350000 0.000072
0.001000 0.075000 0.350000 0.000457
0.001000 0.100000 0.350000 0.002115
0.001000 0.125000 0.350000 0.007345
0.001000 0.150000 0.350000 0.019677
0.001000 0.175000 0.350000 0.041661
0.001000 0.200000 0.350000 0.071431
0.001000 0.225000 0.350000 0.101768
0.001000 0.250000 0.350000 0.123482
0.001000 0.275000 0.350000 0.130193
0.001000 0.300000 0.350000 0.121027
0.001000 0.325000 0.350000 0.100452
0.001000 0.350000 0.350000 0.075704
0.001000 0.375000 0.350000 0.053144
0.001000 0.400000 0.350000 0.035997
0.001000 0.425000 0.350000 0.024633
0.001000 0.450000 0.350000 0.018059
0.001000 0.475000 0.350000 0.014922
0.001000 0.500000 0.350000 0.014037
0.001000 0.525000 0.350000 0.014922
0.001000 0.550000 0.350000 0.018059
0.001000 0.575000 0.350000 0.024633
0.001000 0.600000 0.350000 0.035997
0.001000 0.625000 0.350000 0.053144
0.001000 0.650000 0.350000 0.075704
0.001000 0.675000 0.350000 0.100452
0.001000 0.700000 0.350000 0.121027
0.001000 0.725000 0.350000 0.130193
0.001000 0.750000 0.350000 0.123482
0.001000 0.775000 0.350000 0.101768
0.001000 0.800000 0.350000 0.071431
0.001000 0.825000 0.350000 0.041661
0.001000 0.850000 0.350000 0.019677
0.001000 0.875000 0.350000 0.007345
0.001000 0.900000 0.350000 0.002115
0.001000 0.925000 0.350000 0.000457
0.001000 0.950000 0.350000 0.000072
0.001000 0.975000 0.350000 0.000008
0.001000 1.000000 0.350000 0.000001

0.001000 0.000000 0.375000 0.000001
0.001000 0.025000 0.375000 0.000017
0.001000 0.050000 0.375000 0.000141
0.001000 0.075000 0.375000 0.000809
0.001000 0.100000 0.375000 0.003413
0.001000 0.125000 0.375000 0.010915
0.001000 0.150000 0.375000 0.027114
0.001000 0.175000 0.375000 0.053491
0.001000 0.200000 0.375000 0.085767
0.001000 0.225000 0.375000 0.114453
0.001000 0.250000 0.375000 0.129831
0.001000 0.275000 0.375000 0.127045
0.001000 0.300000 0.375000 0.108116
0.001000 0.325000 0.375000 0.080534
0.001000 0.350000 0.375000 0.053144
0.001000 0.375000 0.375000 0.031832
0.001000 0.400000 0.375000 0.018030
0.001000 0.425000 0.375000 0.010262
0.001000 0.450000 0.375000 0.006402
0.001000 0.475000 0.375000 0.004777
0.001000 0.500000 0.375000 0.004354
0.001000 0.525000 0.375000 0.004777
0.001000 0.550000 0.375000 0.006402
0.001000 0.575000 0.375000 0.010262
0.001000 0.600000 0.375000 0.018030
0.001000 0.625000 0.375000 0.031832
0.001000 0.650000 0.375000 0.053144
0.001000 0.675000 0.375000 0.080534
0.001000 0.700000 0.375000 0.108116
0.001000 0.725000 0.375000 0.127045
0.001000 0.750000 0.375000 0.129831
0.001000 0.775000 0.375000 0.114453
0.001000 0.800000 0.375000 0.085767
0.001000 0.825000 0.375000 0.053491
0.001000 0.850000 0.375000 0.027114
0.001000 0.875000 0.375000 0.010915
0.001000 0.900000 0.375000 0.003413
0.001000 0.925000 0.375000 0.000809
0.001000 0.950000 0.375000 0.000141
0.001000 0.975000 0.375000 0.000017
0.001000 1.000000 0.375000 0.000001

0.001000 0.000000 0.400000 0.000003
0.001000 0.025000 0.400000 0.000035
0.001000 0.050000 0.400000 0.000256
0.001000 0.075000 0.400000 0.001327
0.001000 0.100000 0.400000 0.005133
0.001000 0.125000 0.400000 0.015193
0.001000 0.150000 0.400000 0.035164
0.001000 0.175000 0.400000 0.064958
0.001000 0.200000 0.400000 0.097920
0.001000 0.225000 0.400000 0.123144
0.001000 0.250000 0.400000 0.131450
0.001000 0.275000 0.400000 0.120085
0.001000 0.300000 0.400000 0.093901
0.001000 0.325000 0.400000 0.062755
0.001000 0.350000 0.400000 0.035997
0.001000 0.375000 0.400000 0.018030
0.001000 0.400000 0.400000 0.008198
0.001000 0.425000 0.400000 0.003641
0.001000 0.450000 0.400000 0.001798
0.001000 0.475000 0.400000 0.001156
0.001000 0.500000 0.400000 0.001009
0.001000 0.525000 0.400000 0.001156
0.001000 0.550000 0.400000 0.001798
0.001000 0.575000 0.400000 0.003641
0.001000 0.600000 0.400000 0.008198
0.001000 0.625000 0.400000 0.018030
0.001000 0.650000 0.400000 0.035997
0.001000 0.675000 0.400000 0.062755
0.001000 0.700000 0.400000 0.093901
0.001000 0.725000 0.400000 0.120085
0.001000 0.750000 0.400000 0.131450
0.001000 0.775000 0.400000 0.123144
0.001000 0.800000 0.400000 0.097920
0.001000 0.825000 0.400000 0.064958
0.001000 0.850000 0.400000 0.035164
0.001000 0.875000 0.400000 0.015193
0.001000 0.900000 0.400000 0.005133
0.001000 0.925000 0.400000 0.001327
0.001000 0.950000 0.400000 0.000256
0.001000 0.975000 0.400000 0.000035
0.001000 1.000000 0.400000 0.000003

0.001000 0.000000 0.425000 0.000007
0.001000 0.025000 0.425000 0.000068
0.001000 0.050000 0.425000 0.000432
0.001000 0.075000 0.425000 0.002037
0.001000 0.100000 0.425000 0.007274
0.001000 0.125000 0.425000 0.020076
0.001000 0.150000 0.425000 0.043586
0.001000 0.175000 0.425000 0.075873
0.001000 0.200000 0.425000 0.108218
0.001000 0.225000 0.425000 0.129163
0.001000 0.250000 0.425000 0.130785
0.001000 0.275000 0.425000 0.112503
0.001000 0.300000 0.425000 0.081512
0.001000 0.325000 0.425000 0.049220
0.001000 0.350000 0.425000 0.024633
0.001000 0.375000 0.425000 0.010262
0.001000 0.400000 0.425000 0.003641
0.001000 0.425000 0.425000 0.001174
0.001000 0.450000 0.425000 0.000407
0.001000 0.475000 0.425000 0.000207
0.001000 0.500000 0.425000 0.000170
0.001000 0.525000 0.425000 0.000207
0.001000 0.550000 0.425000 0.000407
0.001000 0.575000 0.425000 0.001174
0.001000 0.600000 0.425000 0.003641
0.001000 0.625000 0.425000 0.010262
0.001000 0.650000 0.425000 0.024633
0.001000 0.675000 0.425000 0.049220
0.001000 0.700000 0.425000 0.081512
0.001000 0.725000 0.425000 0.112503
0.001000 0.750000 0.425000 0.130785
0.001000 0.775000 0.425000 0.129163
0.001000 0.800000 0.425000 0.108218
0.001000 0.825000 0.425000 0.075873
0.001000 0.850000 0.425000 0.043586
0.001000 0.875000 0.425000 0.020076
0.001000 0.900000 0.425000 0.007274
0.001000 0.925000 0.425000 0.002037
0.001000 0.950000 0.425000 0.000432
0.001000 0.975000 0.425000 0.000068
0.001000 1.000000 0.425000 0.000007

0.001000 0.000000 0.450000 0.000013
0.001000 0.025000 0.450000 0.000108
0.001000 0.050000 0.450000 0.000638
0.001000 0.075000 0.450000 0.002818
0.001000 0.100000 0.450000 0.009507
0.001000 0.125000 0.450000 0.024908
0.001000 0.150000 0.450000 0.051478
0.001000 0.175000 0.450000 0.085506
0.001000 0.200000 0.450000 0.116694
0.001000 0.225000 0.450000 0.133640
0.001000 0.250000 0.450000 0.129883
0.001000 0.275000 0.450000 0.106654
0.001000 0.300000 0.450000 0.072772
0.001000 0.325000 0.450000 0.040468
0.001000 0.350000 0.450000 0.018059
0.001000 0.375000 0.450000 0.006402
0.001000 0.400000 0.450000 0.001798
0.001000 0.425000 0.450000 0.000407
0.001000 0.450000 0.450000 0.000085
0.001000 0.475000 0.450000 0.000027
0.001000 0.500000 0.450000 0.000020
0.001000 0.525000 0.450000 0.000027
0.001000 0.550000 0.450000 0.000085
0.001000 0.575000 0.450000 0.000407
0.001000 0.600000 0.450000 0.001798
0.001000 0.625000 0.450000 0.006402
0.001000 0.650000 0.450000 0.018059
0.001000 0.675000 0.450000 0.040468
0.001000 0.700000 0.450000 0.072772
0.001000 0.725000 0.450000 0.106654
0.001000 0.750000 0.450000 0.129883
0.001000 0.775000 0.450000 0.133640
0.001000 0.800000 0.450000 0.116694
0.001000 0.825000 0.450000 0.085506
0.001000 0.850000 0.450000 0.051478
0.001000 0.875000 0.450000 0.024908
0.001000 0.900000 0.450000 0.009507
0.001000 0.925000 0.450000 0.002818
0.001000 0.950000 0.450000 0.000638
0.001000 0.975000 0.450000 0.000108
0.001000 1.000000 0.450000 0.000013

0.001000 0.000000 0.475000 0.000017
0.001000 0.025000 0.475000 0.000139
0.001000 0.050000 0.475000 0.000796
0.001000 0.075000 0.475000 0.003415
0.001000 0.100000 0.475000 0.011194
0.001000 0.125000 0.475000 0.028490
0.001000 0.150000 0.475000 0.057191
0.001000 0.175000 0.475000 0.092291
0.001000 0.200000 0.475000 0.122500
0.001000 0.225000 0.475000 0.136682
0.001000 0.250000 0.475000 0.129513
0.001000 0.275000 0.475000 0.103382
0.001000 0.300000 0.475000 0.068000
0.001000 0.325000 0.475000 0.035933
0.001000 0.350000 0.475000 0.014922
0.001000 0.375000 0.475000 0.004777
0.001000 0.400000 0.475000 0.001156
0.001000 0.425000 0.475000 0.000207
0.001000 0.450000 0.475000 0.000027
0.001000 0.475000 0.475000 0.000004
0.001000 0.500000 0.475000 0.000002
0.001000 0.525000 0.475000 0.000004
0.001000 0.550000 0.475000 0.000027
0.001000 0.575000 0.475000 0.000207
0.001000 0.600000 0.475000 0.001156
0.001000 0.625000 0.475000 0.004777
0.001000 0.650000 0.475000 0.014922
0.001000 0.675000 0.475000 0.035933
0.001000 0.700000 0.475000 0.068000
0.001000 0.725000 0.475000 0.103382
0.001000 0.750000 0.475000 0.129513
0.001000 0.775000 0.475000 0.136682
0.001000 0.800000 0.475000 0.122500
0.001000 0.825000 0.475000 0.092291
0.001000 0.850000 0.475000 0.057191
0.001000 0.875000 0.475000 0.028490
0.001000 0.900000 0.475000 0.011194
0.001000 0.925000 0.475000 0.003415
0.001000 0.950000 0.475000 0.000796
0.001000 0.975000 0.475000 0.000139
0.001000 1.000000 0.475000 0.000017

0.001000 0.000000 0.500000 0.000019
0.001000 0.025000 0.500000 0.000149
0.001000 0.050000 0.500000 0.000852
0.001000 0.075000 0.500000 0.003633
0.001000 0.100000 0.500000 0.011814
0.001000 0.125000 0.500000 0.029803
0.001000 0.150000 0.500000 0.059272
0.001000 0.175000 0.500000 0.094738
0.001000 0.200000 0.500000 0.124579
0.001000 0.225000 0.500000 0.137787
0.001000 0.250000 0.500000 0.129463
0.001000 0.275000 0.500000 0.102390
0.001000 0.300000 0.500000 0.066550
0.001000 0.325000 0.500000 0.034591
0.001000 0.350000 0.500000 0.014037
0.001000 0.375000 0.500000 0.004354
0.001000 0.400000 0.500000 0.001009
0.001000 0.425000 0.500000 0.000170
0.001000 0.450000 0.500000 0.000020
0.001000 0.475000 0.500000 0.000002
0.001000 0.500000 0.500000 0.000000
0.001000 0.525000 0.500000 0.000002
0.001000 0.550000 0.500000 0.000020
0.001000 0.575000 0.500000 0.000170
0.001000 0.600000 0.500000 0.001009
0.001000 0.625000 0.500000 0.004354
0.001000 0.650000 0.500000 0.014037
0.001000 0.675000 0.500000 0.034591
0.001000 0.700000 0.500000 0.066550
0.001000 0.725000 0.500000 0.102390
0.001000 0.750000 0.500000 0.129463
0.001000 0.775000 0.500000 0.137787
0.001000 0.800000 0.500000 0.124579
0.001000 0.825000 0.500000 0.094738
0.001000 0.850000 0.500000 0.059272
0.001000 0.875000 0.500000 0.029803
0.001000 0.900000 0.500000 0.011814
0.001000 0.925000 0.500000 0.003633
0.001000 0.950000 0.500000 0.000852
0.001000 0.975000 0.500000 0.000149
0.001000 1.000000 0.500000 0.000019

0.001000 0.000000 0.525000 0.000017
0.001000 0.025000 0.525000 0.000139
0.001000 0.050000 0.525000 0.000796
0.001000 0.075000 0.525000 0.003415
0.001000 0.100000 0.525000 0.011194
0.001000 0.125000 0.525000 0.028490
0.001000 0.150000 0.525000 0.057191
0.001000 0.175000 0.525000 0.092291
0.001000 0.200000 0.525000 0.122500
0.001000 0.225000 0.525000 0.136682
0.001000 0.250000 0.525000 0.129513
0.001000 0.275000 0.525000 0.103382
0.001000 0.300000 0.525000 0.068000
0.001000 0.325000 0.525000 0.035933
0.001000 0.350000 0.525000 0.014922
0.001000 0.375000 0.525000 0.004777
0.001000 0.400000 0.525000 0.001156
0.001000 0.425000 0.525000 0.000207
0.001000 0.450000 0.525000 0.000027
0.001000 0.475000 0.525000 0.000004
0.001000 0.500000 0.525000 0.000002
0.001000 0.525000 0.525000 0.000004
0.001000 0.550000 0.525000 0.000027
0.001000 0.575000 0.525000 0.000207
0.001000 0.600000 0.525000 0.001156
0.001000 0.625000 0.525000 0.004777
0.001000 0.650000 0.525000 0.014922
0.001000 0.675000 0.525000 0.035933
0.001000 0.700000 0.525000 0.068000
0.001000 0.725000 0.525000 0.103382
0.001000 0.750000 0.525000 0.129513
0.001000 0.775000 0.525000 0.136682
0.001000 0.800000 0.525000 0.122500
0.001000 0.825000 0.525000 0.092291
0.001000 0.850000 0.525000 0.057191
0.001000 0.875000 0.525000 0.028490
0.001000 0.900000 0.525000 0.011194
0.001000 0.925000 0.525000 0.003415
0.001000 0.950000 0.525000 0.000796
0.001000 0.975000 0.525000 0.000139
0.001000 1.000000 0.525000 0.000017

0.001000 0.000000 0.550000 0.000013
0.001000 0.025000 0.550000 0.000108
0.001000 0.050000 0.550000 0.000638
0.001000 0.075000 0.550000 0.002818
0.001000 0.100000 0.550000 0.009507
0.001000 0.125000 0.550000 0.024908
0.001000 0.150000 0.550000 0.051478
0.001000 0.175000 0.550000 0.085506
0.001000 0.200000 0.550000 0.116694
0.001000 0.225000 0.550000 0.133640
0.001000 0.250000 0.550000 0.129883
0.001000 0.275000 0.550000 0.106654
0.001000 0.300000 0.550000 0.072772
0.001000 0.325000 0.550000 0.040468
0.001000 0.350000 0.550000 0.018059
0.001000 0.375000 0.550000 0.006402
0.001000 0.400000 0.550000 0.001798
0.001000 0.425000 0.550000 0.000407
0.001000 0.450000 0.550000 0.000085
0.001000 0.475000 0.550000 0.000027
0.001000 0.500000 0.550000 0.000020
0.001000 0.525000 0.550000 0.000027
0.001000 0.550000 0.550000 0.000085
0.001000 0.575000 0.550000 0.000407
0.001000 0.600000 0.550000 0.001798
0.001000 0.625000 0.550000 0.006402
0.001000 0.650000 0.550000 0.018059
0.001000 0.675000 0.550000 0.040468
0.001000 0.700000 0.550000 0.072772
0.001000 0.725000 0.550000 0.106654
0.001000 0.750000 0.550000 0.129883
0.001000 0.775000 0.550000 0.133640
0.001000 0.800000 0.550000 0.116694
0.001000 0.825000 0.550000 0.085506
0.001000 0.850000 0.550000 0.051478
0.001000 0.875000 0.550000 0.024908
0.001000 0.900000 0.550000 0.009507
0.001000 0.925000 0.550000 0.002818
0.001000 0.950000 0.550000 0.000638
0.001000 0.975000 0.550000 0.000108
0.001000 1.000000 0.550000 0.000013

0.001000 0.000000 0.575000 0.000007
0.001000 0.025000 0.575000 0.000068
0.001000 0.050000 0.575000 0.000432
0.001000 0.075000 0.575000 0.002037
0.001000 0.100000 0.575000 0.007274
0.001000 0.125000 0.575000 0.020076
0.001000 0.150000 0.575000 0.043586
0.001000 0.175000 0.575000 0.075873
0.001000 0.200000 0.575000 0.108218
0.001000 0.225000 0.575000 0.129163
0.001000 0.250000 0.575000 0.130785
0.001000 0.275000 0.575000 0.112503
0.001000 0.300000 0.575000 0.081512
0.001000 0.325000 0.575000 0.049220
0.001000 0.350000 0.575000 0.024633
0.001000 0.375000 0.575000 0.010262
0.001000 0.400000 0.575000 0.003641
0.001000 0.425000 0.575000 0.001174
0.001000 0.450000 0.575000 0.000407
0.001000 0.475000 0.575000 0.000207
0.001000 0.500000 0.575000 0.000170
0.001000 0.525000 0.575000 0.000207
0.001000 0.550000 0.575000 0.000407
0.001000 0.575000 0.575000 0.001174
0.001000 0.600000 0.575000 0.003641
0.001000 0.625000 0.575000 0.010262
0.001000 0.650000 0.575000 0.024633
0.001000 0.675000 0.575000 0.049220
0.001000 0.700000 0.575000 0.081512
0.001000 0.725000 0.575000 0.112503
0.001000 0.750000 0.575000 0.130785
0.001000 0.775000 0.575000 0.129163
0.001000 0.800000 0.575000 0.108218
0.001000 0.825000 0.575000 0.075873
0.001000 0.850000 0.575000 0.043586
0.001000 0.875000 0.575000 0.020076
0.001000 0.900000 0.575000 0.007274
0.001000 0.925000 0.575000 0.002037
0.001000 0.950000 0.575000 0.000432
0.001000 0.975000 0.575000 0.000068
0.001000 1.000000 0.575000 0.000007

0.001000 0.000000 0.600000 0.000003
0.001000 0.025000 0.600000 0.000035
0.001000 0.050000 0.600000 0.000256
0.001000 0.075000 0.600000 0.001327
0.001000 0.100000 0.600000 0.005133
0.001000 0.125000 0.600000 0.015193
0.001000 0.150000 0.600000 0.035164
0.001000 0.175000 0.600000 0.064958
0.001000 0.200000 0.600000 0.097920
0.001000 0.225000 0.600000 0.123144
0.001000 0.250000 0.600000 0.131450
0.001000 0.275000 0.600000 0.120085
0.001000 0.300000 0.600000 0.093901
0.001000 0.325000 0.600000 0.062755
0.001000 0.350000 0.600000 0.035997
0.001000 0.375000 0.600000 0.018030
0.001000 0.400000 0.600000 0.008198
0.001000 0.425000 0.600000 0.003641
0.001000 0.450000 0.600000 0.001798
0.001000 0.475000 0.600000 0.001156
0.001000 0.500000 0.600000 0.001009
0.001000 0.525000 0.600000 0.001156
0.001000 0.550000 0.600000 0.001798
0.001000 0.575000 0.600000 0.003641
0.001000 0.600000 0.600000 0.008198
0.001000 0.625000 0.600000 0.018030
0.001000 0.650000 0.600000 0.035997
0.001000 0.675000 0.600000 0.062755
0.001000 0.700000 0.600000 0.093901
0.001000 0.725000 0.600000 0.120085
0.001000 0.750000 0.600000 0.131450
0.001000 0.775000 0.600000 0.123144
0.001000 0.800000 0.600000 0.097920
0.001000 0.825000 0.600000 0.064958
0.001000 0.850000 0.600000 0.035164
0.001000 0.875000 0.600000 0.015193
0.001000 0.900000 0.600000 0.005133
0.001000 0.925000 0.600000 0.001327
0.001000 0.950000 0.600000 0.000256
0.001000 0.975000 0.600000 0.000035
0.001000 1.000000 0.600000 0.000003

0.001000 0.000000 0.625000 0.000001
0.001000 0.025000 0.625000 0.000017
0.001000 0.050000 0.625000 0.000141
0.001000 0.075000 0.625000 0.000809
0.001000 0.100000 0.625000 0.003413
0.001000 0.125000 0.625000 0.010915
0.001000 0.150000 0.625000 0.027114
0.001000 0.175000 0.625000 0.053491
0.001000 0.200000 0.625000 0.085767
0.001000 0.225000 0.625000 0.114453
0.001000 0.250000 0.625000 0.129831
0.001000 0.275000 0.625000 0.127045
0.001000 0.300000 0.625000 0.108116
0.001000 0.325000 0.625000 0.080534
0.001000 0.350000 0.625000 0.053144
0.001000 0.375000 0.625000 0.031832
0.001000 0.400000 0.625000 0.018030
0.001000 0.425000 0.625000 0.010262
0.001000 0.450000 0.625000 0.006402
0.001000 0.475000 0.625000 0.004777
0.001000 0.500000 0.625000 0.004354
0.001000 0.525000 0.625000 0.004777
0.001000 0.550000 0.625000 0.006402
0.001000 0.575000 0.625000 0.010262
0.001000 0.600000 0.625000 0.018030
0.001000 0.625000 0.625000 0.031832
0.001000 0.650000 0.625000 0.053144
0.001000 0.675000 0.625000 0.080534
0.001000 0.700000 0.625000 0.108116
0.001000 0.725000 0.625000 0.127045
0.001000 0.750000 0.625000 0.129831
0.001000 0.775000 0.625000 0.114453
0.001000 0.800000 0.625000 0.085767
0.001000 0.825000 0.625000 0.053491
0.001000 0.850000 0.625000 0.027114
0.001000 0.875000 0.625000 0.010915
0.001000 0.900000 0.625000 0.003413
0.001000 0.925000 0.625000 0.000809
0.001000 0.950000 0.625000 0.000141
0.001000 0.975000 0.625000 0.000017
0.001000 1.000000 0.625000 0.000001

0.001000 0.000000 0.650000 0.000001
0.001000 0.025000 0.650000 0.000008
0.001000 0.050000 0.650000 0.000072
0.001000 0.075000 0.650000 0.000457
0.001000 0.100000 0.650000 0.002115
0.001000 0.125000 0.650000 0.007345
0.001000 0.150000 0.650000 0.019677
0.001000 0.175000 0.650000 0.041661
0.001000 0.200000 0.650000 0.071431
0.001000 0.225000 0.650000 0.101768
0.001000 0.250000 0.650000 0.123482
0.001000 0.275000 0.650000 0.130193
0.001000 0.300000 0.650000 0.121027
0.001000 0.325000 0.650000 0.100452
0.001000 0.350000 0.650000 0.075704
0.001000 0.375000 0.650000 0.053144
0.001000 0.400000 0.650000 0.035997
0.001000 0.425000 0.650000 0.024633
0.001000 0.450000 0.650000 0.018059
0.001000 0.475000 0.650000 0.014922
0.001000 0.500000 0.650000 0.014037
0.001000 0.525000 0.650000 0.014922
0.001000 0.550000 0.650000 0.018059
0.001000 0.575000 0.650000 0.024633
0.001000 0.600000 0.650000 0.035997
0.001000 0.625000 0.650000 0.053144
0.001000 0.650000 0.650000 0.075704
0.001000 0.675000 0.650000 0.100452
0.001000 0.700000 0.650000 0.121027
0.001000 0.725000 0.650000 0.130193
0.001000 0.750000 0.650000 0.123482
0.001000 0.775000 0.650000 0.101768
0.001000 0.800000 0.650000 0.071431
0.001000 0.825000 0.650000 0.041661
0.001000 0.850000 0.650000 0.019677
0.001000 0.875000 0.650000 0.007345
0.001000 0.900000 0.650000 0.002115
0.001000 0.925000 0.650000 0.000457
0.001000 0.950000 0.650000 0.000072
0.001000 0.975000 0.650000 0.000008
0.001000 1.000000 0.650000 0.000001

0.001000 0.000000 0.675000 0.000000
0.001000 0.025000 0.675000 0.000003
0.001000 0.050000 0.675000 0.000031
0.001000 0.075000 0.675000 0.000229
0.001000 0.100000 0.675000 0.001178
0.001000 0.125000 0.675000 0.004492
0.001000 0.150000 0.675000 0.013090
0.001000 0.175000 0.675000 0.029959
0.001000 0.200000 0.675000 0.055314
0.001000 0.225000 0.675000 0.084733
0.001000 0.250000 0.675000 0.110721
0.001000 0.275000 0.675000 0.126425
0.001000 0.300000 0.675000 0.128554
0.001000 0.325000 0.675000 0.118331
0.001000 0.350000 0.675000 0.100452
0.001000 0.375000 0.675000 0.080534
0.001000 0.400000 0.675000 0.062755
0.001000 0.425000 0.675000 0.049220
0.001000 0.450000 0.675000 0.040468
0.001000 0.475000 0.675000 0.035933
0.001000 0.500000 0.675000 0.034591
0.001000 0.525000 0.675000 0.035933
0.001000 0.550000 0.675000 0.040468
0.001000 0.575000 0.675000 0.049220
0.001000 0.600000 0.675000 0.062755
0.001000 0.625000 0.675000 0.080534
0.001000 0.650000 0.675000 0.100452
0.001000 0.675000 0.675000 0.118331
0.001000 0.700000 0.675000 0.128554
0.001000 0.725000 0.675000 0.126425
0.001000 0.750000 0.675000 0.110721
0.001000 0.775000 0.675000 0.084733
0.001000 0.800000 0.675000 0.055314
0.001000 0.825000 0.675000 0.029959
0.001000 0.850000 0.675000 0.013090
0.001000 0.875000 0.675000 0.004492
0.001000 0.900000 0.675000 0.001178
0.001000 0.925000 0.675000 0.000229
0.001000 0.950000 0.675000 0.000031
0.001000 0.975000 0.675000 0.000003
0.001000 1.000000 0.675000 0.000000

0.001000 0.000000 0.700000 0.000000
0.001000 0.025000 0.700000 0.000001
0.001000 0.050000 0.700000 0.000011
0.001000 0.075000 0.700000 0.000095
0.001000 0.100000 0.700000 0.000563
0.001000 0.125000 0.700000 0.002406
0.001000 0.150000 0.700000 0.007734
0.001000 0.175000 0.700000 0.019349
0.001000 0.200000 0.700000 0.038845
0.001000 0.225000 0.700000 0.064570
0.001000 0.250000 0.700000 0.091611
0.001000 0.275000 0.700000 0.113917
0.001000 0.300000 0.700000 0.126780
0.001000 0.325000 0.700000 0.128554
0.001000 0.350000 0.700000 0.121027
0.001000 0.375000 0.700000 0.108116
0.001000 0.400000 0.700000 0.093901
0.001000 0.425000 0.700000 0.081512
0.001000 0.450000 0.700000 0.072772
0.001000 0.475000 0.700000 0.068000
0.001000 0.500000 0.700000 0.066550
0.001000 0.525000 0.700000 0.068000
0.001000 0.550000 0.700000 0.072772
0.001000 0.575000 0.700000 0.081512
0.001000 0.600000 0.700000 0.093901
0.001000 0.625000 0.700000 0.108116
0.001000 0.650000 0.700000 0.121027
0.001000 0.675000 0.700000 0.128554
0.001000 0.700000 0.700000 0.126780
0.001000 0.725000 0.700000 0.113917
0.001000 0.750000 0.700000 0.091611
0.001000 0.775000 0.700000 0.064570
0.001000 0.800000 0.700000 0.038845
0.001000 0.825000 0.700000 0.019349
0.001000 0.850000 0.700000 0.007734
0.001000 0.875000 0.700000 0.002406
0.001000 0.900000 0.700000 0.000563
0.001000 0.925000 0.700000 0.000095
0.001000 0.950000 0.700000 0.000011
0.001000 0.975000 0.700000 0.000001
0.001000 1.000000 0.700000 0.000000

0.001000 0.000000 0.725000 0.000000
0.001000 0.025000 0.725000 0.000000
0.001000 0.050000 0.725000 0.000003
0.001000 0.075000 0.725000 0.000030
0.001000 0.100000 0.725000 0.000218
0.001000 0.125000 0.725000 0.001079
0.001000 0.150000 0.725000 0.003913
0.001000 0.175000 0.725000 0.010886
0.001000 0.200000 0.725000 0.024108
0.001000 0.225000 0.725000 0.044037
0.001000 0.250000 0.725000 0.068555
0.001000 0.275000 0.725000 0.093454
0.001000 0.300000 0.725000 0.113917
0.001000 0.325000 0.725000 0.126425
0.001000 0.350000 0.725000 0.130193
0.001000 0.375000 0.725000 0.127045
0.001000 0.400000 0.725000 0.120085
0.001000 0.425000 0.725000 0.112503
0.001000 0.450000 0.725000 0.106654
0.001000 0.475000 0.725000 0.103382
0.001000 0.500000 0.725000 0.102390
0.001000 0.525000 0.725000 0.103382
0.001000 0.550000 0.725000 0.106654
0.001000 0.575000 0.725000 0.112503
0.001000 0.600000 0.725000 0.120085
0.001000 0.625000 0.725000 0.127045
0.001000 0.650000 0.725000 0.130193
0.001000 0.675000 0.725000 0.126425
0.001000 0.700000 0.725000 0.113917
0.001000 0.725000 0.725000 0.093454
0.001000 0.750000 0.725000 0.068555
0.001000 0.775000 0.725000 0.044037
0.001000 0.800000 0.725000 0.024108
0.001000 0.825000 0.725000 0.010886
0.001000 0.850000 0.725000 0.003913
0.001000 0.875000 0.725000 0.001079
0.001000 0.900000 0.725000 0.000218
0.001000 0.925000 0.725000 0.000030
0.001000 0.950000 0.725000 0.000003
0.001000 0.975000 0.725000 0.000000
0.001000 1.000000 0.725000 0.000000

0.001000 0.000000 0.750000 0.000000
0.001000 0.025000 0.750000 0.000000
0.001000 0.050000 0.750000 0.000000
0.001000 0.075000 0.750000 0.000007
0.001000 0.100000 0.750000 0.000063
0.001000 0.125000 0.750000 0.000383
0.001000 0.150000 0.750000 0.001628
0.001000 0.175000 0.750000 0.005173
0.001000 0.200000 0.750000 0.012903
0.001000 0.225000 0.750000 0.026339
0.001000 0.250000 0.750000 0.045552
0.001000 0.275000 0.750000 0.068555
0.001000 0.300000 0.750000 0.091611
0.001000 0.325000 0.750000 0.110721
0.001000 0.350000 0.750000 0.123482
0.001000 0.375000 0.750000 0.129831
0.001000 0.400000 0.750000 0.131450
0.001000 0.425000 0.750000 0.130785
0.001000 0.450000 0.750000 0.129883
0.001000 0.475000 0.750000 0.129513
0.001000 0.500000 0.750000 0.129463
0.001000 0.525000 0.750000 0.129513
0.001000 0.550000 0.750000 0.129883
0.001000 0.575000 0.750000 0.130785
0.001000 0.600000 0.750000 0.131450
0.001000 0.625000 0.750000 0.129831
0.001000 0.650000 0.750000 0.123482
0.001000 0.675000 0.750000 0.110721
0.001000 0.700000 0.750000 0.091611
0.001000 0.725000 0.750000 0.068555
0.001000 0.750000 0.750000 0.045552
0.001000 0.775000 0.750000 0.026339
0.001000 0.800000 0.750000 0.012903
0.001000 0.825000 0.750000 0.005173
0.001000 0.850000 0.750000 0.001628
0.001000 0.875000 0.750000 0.000383
0.001000 0.900000 0.750000 0.000063
0.001000 0.925000 0.750000 0.000007
0.001000 0.950000 0.750000 0.000000
0.001000 0.975000 0.750000 0.000000
0.001000 1.000000 0.750000 0.000000

0.001000 0.000000 0.775000 0.000000
0.001000 0.025000 0.775000 0.000000
0.001000 0.050000 0.775000 0.000000
0.001000 0.075000 0.775000 0.000001
0.001000 0.100000 0.775000 0.000012
0.001000 0.125000 0.775000 0.000101
0.001000 0.150000 0.775000 0.000533
0.001000 0.175000 0.775000 0.002012
0.001000 0.200000 0.775000 0.005814
0.001000 0.225000 0.775000 0.013532
0.001000 0.250000 0.775000 0.026339
0.001000 0.275000 0.775000 0.044037
0.001000 0.300000 0.775000 0.064570
0.001000 0.325000 0.775000 0.084733
0.001000 0.350000 0.775000 0.101768
0.001000 0.375000 0.775000 0.114453
0.001000 0.400000 0.775000 0.123144
0.001000 0.425000 0.775000 0.129163
0.001000 0.450000 0.775000 0.133640
0.001000 0.475000 0.775000 0.136682
0.001000 0.500000 0.775000 0.137787
0.001000 0.525000 0.775000 0.136682
0.001000 0.550000 0.775000 0.133640
0.001000 0.575000 0.775000 0.129163
0.001000 0.600000 0.775000 0.123144
0.001000 0.625000 0.775000 0.114453
0.001000 0.650000 0.775000 0.101768
0.001000 0.675000 0.775000 0.084733
0.001000 0.700000 0.775000 0.064570
0.001000 0.725000 0.775000 0.044037
0.001000 0.750000 0.775000 0.026339
0.001000 0.775000 0.775000 0.013532
0.001000 0.800000 0.775000 0.005814
0.001000 0.825000 0.775000 0.002012
0.001000 0.850000 0.775000 0.000533
0.001000 0.875000 0.775000 0.000101
0.001000 0.900000 0.775000 0.000012
0.001000 0.925000 0.775000 0.000001
0.001000 0.950000 0.775000 0.000000
0.001000 0.975000 0.775000 0.000000
0.001000 1.000000 0.775000 0.000000

0.001000 0.000000 0.800000 0.000000
0.001000 0.025000 0.800000 0.000000
0.001000 0.050000 0.800000 0.000000
0.001000 0.075000 0.800000 0.000000
0.001000 0.100000 0.800000 0.000001
0.001000 0.125000 0.800000 0.000017
0.001000 0.150000 0.800000 0.000129
0.001000 0.175000 0.800000 0.000615
0.001000 0.200000 0.800000 0.002140
0.001000 0.225000 0.800000 0.005814
0.001000 0.250000 0.800000 0.012903
0.001000 0.275000 0.800000 0.024108
0.001000 0.300000 0.800000 0.038845
0.001000 0.325000 0.800000 0.055314
0.001000 0.350000 0.800000 0.071431
0.001000 0.375000 0.800000 0.085767
0.001000 0.400000 0.800000 0.097920
0.001000 0.425000 0.800000 0.108218
0.001000 0.450000 0.800000 0.116694
0.001000 0.475000 0.800000 0.122500
0.001000 0.500000 0.800000 0.124579
0.001000 0.525000 0.800000 0.122500
0.001000 0.550000 0.800000 0.116694
0.001000 0.575000 0.800000 0.108218
0.001000 0.600000 0.800000 0.097920
0.001000 0.625000 0.800000 0.085767
0.001000 0.650000 0.800000 0.071431
0.001000 0.675000 0.800000 0.055314
0.001000 0.700000 0.800000 0.038845
0.001000 0.725000 0.800000 0.024108
0.001000 0.750000 0.800000 0.012903
0.001000 0.775000 0.800000 0.005814
0.001000 0.800000 0.800000 0.002140
0.001000 0.825000 0.800000 0.000615
0.001000 0.850000 0.800000 0.000129
0.001000 0.875000 0.800000 0.000017
0.001000 0.900000 0.800000 0.000001
0.001000 0.925000 0.800000 0.000000
0.001000 0.950000 0.800000 0.000000
0.001000 0.975000 0.800000 0.000000
0.001000 1.000000 0.800000 0.000000

0.001000 0.000000 0.825000 0.000000
0.001000 0.025000 0.825000 0.000000
0.001000 0.050000 0.825000 0.000000
0.001000 0.075000 0.825000 0.000000
0.001000 0.100000 0.825000 0.000000
0.001000 0.125000 0.825000 0.000002
0.001000 0.150000 0.825000 0.000021
0.001000 0.175000 0.825000 0.000139
0.001000 0.200000 0.825000 0.000615
0.001000 0.225000 0.825000 0.002012
0.001000 0.250000 0.825000 0.005173
0.001000 0.275000 0.825000 0.010886
0.001000 0.300000 0.825000 0.019349
0.001000 0.325000 0.825000 0.029959
0.001000 0.350000 0.825000 0.041661
0.001000 0.375000 0.825000 0.053491
0.001000 0.400000 0.825000 0.064958
0.001000 0.425000 0.825000 0.075873
0.001000 0.450000 0.825000 0.085506
0.001000 0.475000 0.825000 0.092291
0.001000 0.500000 0.825000 0.094738
0.001000 0.525000 0.825000 0.092291
0.001000 0.550000 0.825000 0.085506
0.001000 0.575000 0.825000 0.075873
0.001000 0.600000 0.825000 0.064958
0.001000 0.625000 0.825000 0.053491
0.001000 0.650000 0.825000 0.041661
0.001000 0.675000 0.825000 0.029959
0.001000 0.700000 0.825000 0.019349
0.001000 0.725000 0.825000 0.010886
0.001000 0.750000 0.825000 0.005173
0.001000 0.775000 0.825000 0.002012
0.001000 0.800000 0.825000 0.000615
0.001000 0.825000 0.825000 0.000139
0.001000 0.850000 0.825000 0.000021
0.001000 0.875000 0.825000 0.000002
0.001000 0.900000 0.825000 0.000000
0.001000 0.925000 0.825000 0.000000
0.001000 0.950000 0.825000 0.000000
0.001000 0.975000 0.825000 0.000000
0.001000 1.000000 0.825000 0.000000

0.001000 0.000000 0.850000 0.000000
0.001000 0.025000 0.850000 0.000000
0.001000 0.050000 0.850000 0.000000
0.001000 0.075000 0.850000 0.000000
0.001000 0.100000 0.850000 0.000000
0.001000 0.125000 0.850000 0.000000
0.001000 0.150000 0.850000 0.000002
0.001000 0.175000 0.850000 0.000021
0.001000 0.200000 0.850000 0.000129
0.001000 0.225000 0.850000 0.000533
0.001000 0.250000 0.850000 0.001628
0.001000 0.275000 0.850000 0.003913
0.001000 0.300000 0.850000 0.007734
0.001000 0.325000 0.850000 0.013090
0.001000 0.350000 0.850000 0.019677
0.001000 0.375000 0.850000 0.027114
0.001000 0.400000 0.850000 0.035164
0.001000 0.425000 0.850000 0.043586
0.001000 0.450000 0.850000 0.051478
0.001000 0.475000 0.850000 0.057191
0.001000 0.500000 0.850000 0.059272
0.001000 0.525000 0.850000 0.057191
0.001000 0.550000 0.850000 0.051478
0.001000 0.575000 0.850000 0.043586
0.001000 0.600000 0.850000 0.035164
0.001000 0.625000 0.850000 0.027114
0.001000 0.650000 0.850000 0.019677
0.001000 0.675000 0.850000 0.013090
0.001000 0.700000 0.850000 0.007734
0.001000 0.725000 0.850000 0.003913
0.001000 0.750000 0.850000 0.001628
0.001000 0.775000 0.850000 0.000533
0.001000 0.800000 0.850000 0.000129
0.001000 0.825000 0.850000 0.000021
0.001000 0.850000 0.850000 0.000002
0.001000 0.875000 0.850000 0.000000
0.001000 0.900000 0.850000 0.000000
0.001000 0.925000 0.850000 0.000000
0.001000 0.950000 0.850000 0.000000
0.001000 0.975000 0.850000 0.000000
0.001000 1.000000 0.850000 0.000000

0.001000 0.000000 0.875000 0.000000
0.001000 0.025000 0.875000 0.000000
0.001000 0.050000 0.875000 0.000000
0.001000 0.075000 0.875000 0.000000
0.001000 0.100000 0.875000 0.000000
0.001000 0.125000 0.875000 0.000000
0.001000 0.150000 0.875000 0.000000
0.001000 0.175000 0.875000 0.000002
0.001000 0.200000 0.875000 0.000017
0.001000 0.225000 0.875000 0.000101
0.001000 0.250000 0.875000 0.000383
0.001000 0.275000 0.875000 0.001079
0.001000 0.300000 0.875000 0.002406
0.001000 0.325000 0.875000 0.004492
0.001000 0.350000 0.875000 0.007345
0.001000 0.375000 0.875000 0.010915
0.001000 0.400000 0.875000 0.015193
0.001000 0.425000 0.875000 0.020076
0.001000 0.450000 0.875000 0.024908
0.001000 0.475000 0.875000 0.028490
0.001000 0.500000 0.875000 0.029803
0.001000 0.525000 0.875000 0.028490
0.001000 0.550000 0.875000 0.024908
0.001000 0.575000 0.875000 0.020076
0.001000 0.600000 0.875000 0.015193
0.001000 0.625000 0.875000 0.010915
0.001000 0.650000 0.875000 0.007345
0.001000 0.675000 0.875000 0.004492
0.001000 0.700000 0.875000 0.002406
0.001000 0.725000 0.875000 0.001079
0.001000 0.750000 0.875000 0.000383
0.001000 0.775000 0.875000 0.000101
0.001000 0.800000 0.875000 0.000017
0.001000 0.825000 0.875000 0.000002
0.001000 0.850000 0.875000 0.000000
0.001000 0.875000 0.875000 0.000000
0.001000 0.900000 0.875000 0.000000
0.001000 0.925000 0.875000 0.000000
0.001000 0.950000 0.875000 0.000000
0.001000 0.975000 0.875000 0.000000
0.001000 1.000000 0.875000 0.000000

0.001000 0.000000 0.900000 0.000000
0.001000 0.025000 0.900000 0.000000
0.001000 0.050000 0.900000 0.000000
0.001000 0.075000 0.900000 0.000000
0.001000 0.100000 0.900000 0.000000
0.001000 0.125000 0.900000 0.000000
0.001000 0.150000 0.900000 0.000000
0.001000 0.175000 0.900000 0.000000
0.001000 0.200000 0.900000 0.000001
0.001000 0.225000 0.900000 0.000012
0.001000 0.250000 0.900000 0.000063
0.001000 0.275000 0.900000 0.000218
0.001000 0.300000 0.900000 0.000563
0.001000 0.325000 0.900000 0.001178
0.001000 0.350000 0.900000 0.002115
0.001000 0.375000 0.900000 0.003413
0.001000 0.400000 0.900000 0.005133
0.001000 0.425000 0.900000 0.007274
0.001000 0.450000 0.900000 0.009507
0.001000 0.475000 0.900000 0.011194
0.001000 0.500000 0.900000 0.011814
0.001000 0.525000 0.900000 0.011194
0.001000 0.550000 0.900000 0.009507
0.001000 0.575000 0.900000 0.007274
0.001000 0.600000 0.900000 0.005133
0.001000 0.625000 0.900000 0.003413
0.001000 0.650000 0.900000 0.002115
0.001000 0.675000 0.900000 0.001178
0.001000 0.700000 0.900000 0.000563
0.001000 0.725000 0.900000 0.000218
0.001000 0.750000 0.900000 0.000063
0.001000 0.775000 0.900000 0.000012
0.001000 0.800000 0.900000 0.000001
0.001000 0.825000 0.900000 0.000000
0.001000 0.850000 0.900000 0.000000
0.001000 0.875000 0.900000 0.000000
0.001000 0.900000 0.900000 0.000000
0.001000 0.925000 0.900000 0.000000
0.001000 0.950000 0.900000 0.000000
0.001000 0.975000 0.900000 0.000000
0.001000 1.000000 0.900000 0.000000

0.001000 0.000000 0.925000 0.000000
0.001000 0.025000 0.925000 0.000000
0.001000 0.050000 0.925000 0.000000
0.001000 0.075000 0.925000 0.000000
0.001000 0.100000 0.925000 0.000000
0.001000 0.125000 0.925000 0.000000
0.001000 0.150000 0.925000 0.000000
0.001000 0.175000 0.925000 0.000000
0.001000 0.200000 0.925000 0.000000
0.001000 0.225000 0.925000 0.000001
0.001000 0.250000 0.925000 0.000007
0.001000 0.275000 0.925000 0.000030
0.001000 0.300000 0.925000 0.000095
0.001000 0.325000 0.925000 0.000229
0.001000 0.350000 0.925000 0.000457
0.001000 0.375000 0.925000 0.000809
0.001000 0.400000 0.925000 0.001327
0.001000 0.425000 0.925000 0.002037
0.001000 0.450000 0.925000 0.002818
0.001000 0.475000 0.925000 0.003415
0.001000 0.500000 0.925000 0.003633
0.001000 0.525000 0.925000 0.003415
0.001000 0.550000 0.925000 0.002818
0.001000 0.575000 0.925000 0.002037
0.001000 0.600000 0.925000 0.001327
0.001000 0.625000 0.925000 0.000809
0.001000 0.650000 0.925000 0.000457
0.001000 0.675000 0.925000 0.000229
0.001000 0.700000 0.925000 0.000095
0.001000 0.725000 0.925000 0.000030
0.001000 0.750000 0.925000 0.000007
0.001000 0.775000 0.925000 0.000001
0.001000 0.800000 0.925000 0.000000
0.001000 0.825000 0.925000 0.000000
0.001000 0.850000 0.925000 0.000000
0.001000 0.875000 0.925000 0.000000
0.001000 0.900000 0.925000 0.000000
0.001000 0.925000 0.925000 0.000000
0.001000 0.950000 0.925000 0.000000
0.001000 0.975000 0.925000 0.000000
0.001000 1.000000 0.925000 0.000000

0.001000 0.000000 0.950000 0.000000
0.001000 0.025000 0.950000 0.000000
0.001000 0.050000 0.950000 0.000000
0.001000 0.075000 0.950000 0.000000
0.001000 0.100000 0.950000 0.000000
0.001000 0.125000 0.950000 0.000000
0.001000 0.150000 0.950000 0.000000
0.001000 0.175000 0.950000 0.000000
0.001000 0.200000 0.950000 0.000000
0.001000 0.225000 0.950000 0.000000
0.001000 0.250000 0.950000 0.000000
0.001000 0.275000 0.950000 0.000003
0.001000 0.300000 0.950000 0.000011
0.001000 0.325000 0.950000 0.000031
0.001000 0.350000 0.950000 0.000072
0.001000 0.375000 0.950000 0.000141
0.001000 0.400000 0.950000 0.000256
0.001000 0.425000 0.950000 0.000432
0.001000 0.450000 0.950000 0.000638
0.001000 0.475000 0.950000 0.000796
0.001000 0.500000 0.950000 0.000852
0.001000 0.525000 0.950000 0.000796
0.001000 0.550000 0.950000 0.000638
0.001000 0.575000 0.950000 0.000432
0.001000 0.600000 0.950000 0.000256
0.001000 0.625000 0.950000 0.000141
0.001000 0.650000 0.950000 0.000072
0.001000 0.675000 0.950000 0.000031
0.001000 0.700000 0.950000 0.000011
0.001000 0.725000 0.950000 0.000003
0.001000 0.750000 0.950000 0.000000
0.001000 0.775000 0.950000 0.000000
0.001000 0.800000 0.950000 0.000000
0.001000 0.825000 0.950000 0.000000
0.001000 0.850000 0.950000 0.000000
0.001000 0.875000 0.950000 0.000000
0.001000 0.900000 0.950000 0.000000
0.001000 0.925000 0.950000 0.000000
0.001000 0.950000 0.950000 0.000000
0.001000 0.975000 0.950000 0.000000
0.001000 1.000000 0.950000 0.000000

0.001000 0.000000 0.975000 0.000000
0.001000 0.025000 0.975000 0.000000
0.001000 0.050000 0.975000 0.000000
0.001000 0.075000 0.975000 0.000000
0.001000 0.100000 0.975000 0.000000
0.001000 0.125000 0.975000 0.000000
0.001000 0.150000 0.975000 0.000000
0.001000 0.175000 0.975000 0.000000
0.001000 0.200000 0.975000 0.000000
0.001000 0.225000 0.975000 0.000000
0.001000 0.250000 0.975000 0.000000
0.001000 0.275000 0.975000 0.000000
0.001000 0.300000 0.975000 0.000001
0.001000 0.325000 0.975000 0.000003
0.001000 0.350000 0.975000 0.000008
0.001000 0.375000 0.975000 0.000017
0.001000 0.400000 0.975000 0.000035
0.001000 0.425000 0.975000 0.000068
0.001000 0.450000 0.975000 0.000108
0.001000 0.475000 0.975000 0.000139
0.001000 0.500000 0.975000 0.000149
0.001000 0.525000 0.975000 0.000139
0.001000 0.550000 0.975000 0.000108
0.001000 0.575000 0.975000 0.000068
0.001000 0.600000 0.975000 0.000035
0.001000 0.625000 0.975000 0.000017
0.001000 0.650000 0.975000 0.000008
0.001000 0.675000 0.975000 0.000003
0.001000 0.700000 0.975000 0.000001
0.001000 0.725000 0.975000 0.000000
0.001000 0.750000 0.975000 0.000000
0.001000 0.775000 0.975000 0.000000
0.001000 0.800000 0.975000 0.000000
0.001000 0.825000 0.975000 0.000000
0.001000 0.850000 0.975000 0.000000
0.001000 0.875000 0.975000 0.000000
0.001000 0.900000 0.975000 0.000000
0.001000 0.925000 0.975000 0.000000
0.001000 0.950000 0.975000 0.000000
0.001000 0.975000 0.975000 0.000000
0.001000 1.000000 0.975000 0.000000

0.001000 0.000000 1.000000 0.000000
0.001000 0.025000 1.000000 0.000000
0.001000 0.050000 1.000000 0.000000
0.001000 0.075000 1.000000 0.000000
0.001000 0.100000 1.000000 0.000000
0.001000 0.125000 1.000000 0.000000
0.001000 0.150000 1.000000 0.000000
0.001000 0.175000 1.000000 0.000000
0.001000 0.200000 1.000000 0.000000
0.001000 0.225000 1.000000 0.000000
0.001000 0.250000 1.000000 0.000000
0.001000 0.275000 1.000000 0.000000
0.001000 0.300000 1.000000 0.000000
0.001000 0.325000 1.000000 0.000000
0.001000 0.350000 1.000000 0.000001
0.001000 0.375000 1.000000 0.000001
0.001000 0.400000 1.000000 0.000003
0.001000 0.425000 1.000000 0.000007
0.001000 0.450000 1.000000 0.000013
0.001000 0.475000 1.000000 0.000017
0.001000 0.500000 1.000000 0.000019
0.001000 0.525000 1.000000 0.000017
0.001000 0.550000 1.000000 0.000013
0.001000 0.575000 1.000000 0.000007
0.001000 0.600000 1.000000 0.000003
0.001000 0.625000 1.000000 0.000001
0.001000 0.650000 1.000000 0.000001
0.001000 0.675000 1.000000 0.000000
0.001000 0.700000 1.000000 0.000000
0.001000 0.725000 1.000000 0.000000
0.001000 0.750000 1.000000 0.000000
0.001000 0.775000 1.000000 0.000000
0.001000 0.800000 1.000000 0.000000
0.001000 0.825000 1.000000 0.000000
0.001000 0.850000 1.000000 0.000000
0.001000 0.875000 1.000000 0.000000
0.001000 0.900000 1.000000 0.000000
0.001000 0.925000 1.000000 0.000000
0.001000 0.950000 1.000000 0.000000
0.001000 0.975000 1.000000 0.000000
0.001000 1.000000 1.000000 0.000000

